Sequence: [1, 2, 5, -6, 8, -3, 2, 5, -6, 8, -3, 2, 3]
	Seq Len:      13
	Max Len Seq:  6

Start:	Sequence:
	 1. [2]
	 1. [2, 5]
	 1. [2, 5, -6]
	 1. [2, 5, -6, 8]
	 1. [2, 5, -6, 8, -3]
	 2. [5]
	 2. [5, -6]
	 2. [5, -6, 8]
	 2. [5, -6, 8, -3]
	 2. [5, -6, 8, -3, 2]
	 3. [-6]
	 3. [-6, 8]
	 3. [-6, 8, -3]
	 3. [-6, 8, -3, 2]
	 4. [8]
	 4. [8, -3]
	 4. [8, -3, 2]
	 5. [-3]
	 5. [-3, 2]
	 6. [2]
	 6. [2, 5]
	 6. [2, 5, -6]
	 6. [2, 5, -6, 8]
	 6. [2, 5, -6, 8, -3]
	 7. [5]
	 7. [5, -6]
	 7. [5, -6, 8]
	 7. [5, -6, 8, -3]
	 7. [5, -6, 8, -3, 2]
	 8. [-6]
	 8. [-6, 8]
	 8. [-6, 8, -3]
	 8. [-6, 8, -3, 2]
	 9. [8]
	 9. [8, -3]
	 9. [8, -3, 2]
	10. [-3]
	10. [-3, 2]
	11. [2]
	12. [3]

Max sequence: [2, 5, -6, 8]
	Max seq. strt. ind: (3, 6)

	Max len: 4
	Max tot: 9
