Sequence: [1, 2, 5, -6, 8, -3, 2, 1, 1, 2, 2, 5, -6, 8, -3, 2, 3]
	Seq Len:      17
	Max Len Seq:  8

Start:	Sequence:
	 0. [1]
	 0. [1, 2]
	 1. [2]
	 1. [2, 5]
	 1. [2, 5, -6]
	 1. [2, 5, -6, 8]
	 1. [2, 5, -6, 8, -3]
	 1. [2, 5, -6, 8, -3, 2]
	 2. [5]
	 2. [5, -6]
	 2. [5, -6, 8]
	 2. [5, -6, 8, -3]
	 2. [5, -6, 8, -3, 2]
	 3. [-6]
	 3. [-6, 8]
	 3. [-6, 8, -3]
	 3. [-6, 8, -3, 2]
	 4. [8]
	 4. [8, -3]
	 4. [8, -3, 2]
	 5. [-3]
	 5. [-3, 2]
	 6. [2]
	 7. [1]
	 8. [1]
	 8. [1, 2]
	 9. [2]
	10. [2]
	10. [2, 5]
	10. [2, 5, -6]
	10. [2, 5, -6, 8]
	10. [2, 5, -6, 8, -3]
	10. [2, 5, -6, 8, -3, 2]
	11. [5]
	11. [5, -6]
	11. [5, -6, 8]
	11. [5, -6, 8, -3]
	11. [5, -6, 8, -3, 2]
	12. [-6]
	12. [-6, 8]
	12. [-6, 8, -3]
	12. [-6, 8, -3, 2]
	13. [8]
	13. [8, -3]
	13. [8, -3, 2]
	14. [-3]
	14. [-3, 2]
	15. [2]
	16. [3]

Max sequence: [2, 5, -6, 8]
	Max seq. strt. ind: (5, 10)

	Max len: 4
	Max tot: 9
